118,101,53,0.46902655
116,121,113,1
98,111,79,0.69911504
106,97,80,0.7079646
97,99,80,0.7079646
99,107,102,0.90265487
116,121,112,0.99115044
99,114,97,0.85840708
114,117,97,0.85840708
117,122,97,0.85840708
99,114,96,0.84955752
114,117,96,0.84955752
117,122,96,0.84955752
113,117,103,0.91150442
117,105,103,0.91150442
105,110,103,0.91150442
110,110,103,0.91150442
100,101,31,0.27433628
101,118,83,0.73451327
118,121,31,0.27433628
121,110,31,0.27433628
106,97,79,0.69911504
97,99,79,0.69911504
99,107,101,0.89380531
113,117,102,0.90265487
117,105,102,0.90265487
105,110,102,0.90265487
110,110,102,0.90265487
112,104,76,0.67256637
104,105,14,0.12389381
105,108,14,0.12389381
108,105,18,0.15929204
105,112,14,0.12389381
100,114,44,0.38938053
114,101,50,0.44247788
101,119,44,0.38938053
98,111,78,0.69026549
115,116,52,0.46017699
116,101,52,0.46017699
101,118,82,0.72566372
118,101,52,0.46017699
101,108,23,0.20353982
108,118,23,0.20353982
118,105,23,0.20353982
105,115,23,0.20353982
116,97,4,0.03539823
97,114,4,0.03539823
114,105,4,0.03539823
105,113,4,0.03539823
102,108,78,0.69026549
108,111,78,0.69026549
111,121,78,0.69026549
121,100,78,0.69026549
98,114,22,0.19469027
114,111,22,0.19469027
111,99,22,0.19469027
99,107,100,0.88495575
98,111,77,0.68141593
100,119,61,0.53982301
119,105,61,0.53982301
105,103,61,0.53982301
103,104,84,0.74336283
104,116,61,0.53982301
102,108,77,0.68141593
108,111,77,0.68141593
111,121,77,0.68141593
121,100,77,0.68141593
101,108,22,0.19469027
108,118,22,0.19469027
118,105,22,0.19469027
105,115,22,0.19469027
116,121,111,0.98230088
100,119,60,0.53097345
119,105,60,0.53097345
105,103,60,0.53097345
103,104,83,0.73451327
104,116,60,0.53097345
100,119,59,0.52212389
119,105,59,0.52212389
105,103,59,0.52212389
103,104,82,0.72566372
104,116,59,0.52212389
113,117,101,0.89380531
117,105,101,0.89380531
105,110,101,0.89380531
110,110,101,0.89380531
102,108,76,0.67256637
108,111,76,0.67256637
111,121,76,0.67256637
121,100,76,0.67256637
109,97,103,0.91150442
97,120,103,0.91150442
109,97,102,0.90265487
97,120,102,0.90265487
101,108,21,0.18584071
108,118,21,0.18584071
118,105,21,0.18584071
105,115,21,0.18584071
109,97,101,0.89380531
97,120,101,0.89380531
104,117,23,0.20353982
117,103,23,0.20353982
103,104,81,0.71681416
106,111,19,0.16814159
111,115,19,0.16814159
115,101,19,0.16814159
101,112,19,0.16814159
112,104,75,0.66371681
99,114,95,0.84070796
114,117,95,0.84070796
117,122,95,0.84070796
115,116,51,0.45132743
116,101,51,0.45132743
101,118,81,0.71681416
118,101,51,0.45132743
100,114,43,0.38053097
114,101,49,0.43362832
101,119,43,0.38053097
116,121,110,0.97345133
106,97,78,0.69026549
97,99,78,0.69026549
99,107,99,0.87610619
106,111,18,0.15929204
111,115,18,0.15929204
115,101,18,0.15929204
101,112,18,0.15929204
112,104,74,0.65486726
116,121,109,0.96460177
100,119,58,0.51327434
119,105,58,0.51327434
105,103,58,0.51327434
103,104,80,0.7079646
104,116,58,0.51327434
114,97,43,0.38053097
97,108,43,0.38053097
108,112,43,0.38053097
112,104,73,0.6460177
109,97,100,0.88495575
97,120,100,0.88495575
99,114,94,0.83185841
114,117,94,0.83185841
117,122,94,0.83185841
99,114,93,0.82300885
114,117,93,0.82300885
117,122,93,0.82300885
109,97,99,0.87610619
97,120,99,0.87610619
115,116,50,0.44247788
116,101,50,0.44247788
101,118,80,0.7079646
118,101,50,0.44247788
99,114,92,0.81415929
114,117,92,0.81415929
117,122,92,0.81415929
112,104,72,0.63716814
104,105,13,0.11504425
105,108,13,0.11504425
108,105,17,0.15044248
105,112,13,0.11504425
99,114,91,0.80530973
114,117,91,0.80530973
117,122,91,0.80530973
98,114,21,0.18584071
114,111,21,0.18584071
111,99,21,0.18584071
99,107,98,0.86725664
101,108,20,0.17699115
108,118,20,0.17699115
118,105,20,0.17699115
105,115,20,0.17699115
106,111,17,0.15044248
111,115,17,0.15044248
115,101,17,0.15044248
101,112,17,0.15044248
112,104,71,0.62831858
102,108,75,0.66371681
108,111,75,0.66371681
111,121,75,0.66371681
121,100,75,0.66371681
113,117,100,0.88495575
117,105,100,0.88495575
105,110,100,0.88495575
110,110,100,0.88495575
102,108,74,0.65486726
108,111,74,0.65486726
111,121,74,0.65486726
121,100,74,0.65486726
99,114,90,0.79646018
114,117,90,0.79646018
117,122,90,0.79646018
113,117,99,0.87610619
117,105,99,0.87610619
105,110,99,0.87610619
110,110,99,0.87610619
115,116,49,0.43362832
116,101,49,0.43362832
101,118,79,0.69911504
118,101,49,0.43362832
106,97,77,0.68141593
97,99,77,0.68141593
99,107,97,0.85840708
98,111,76,0.67256637
113,117,98,0.86725664
117,105,98,0.86725664
105,110,98,0.86725664
110,110,98,0.86725664
104,117,22,0.19469027
117,103,22,0.19469027
103,104,79,0.69911504
100,114,42,0.37168142
114,101,48,0.42477876
101,119,42,0.37168142
113,117,97,0.85840708
117,105,97,0.85840708
105,110,97,0.85840708
110,110,97,0.85840708
106,97,76,0.67256637
97,99,76,0.67256637
99,107,96,0.84955752
113,117,96,0.84955752
117,105,96,0.84955752
105,110,96,0.84955752
110,110,96,0.84955752
99,114,89,0.78761062
114,117,89,0.78761062
117,122,89,0.78761062
102,108,73,0.6460177
108,111,73,0.6460177
111,121,73,0.6460177
121,100,73,0.6460177
115,116,48,0.42477876
116,101,48,0.42477876
101,118,78,0.69026549
118,101,48,0.42477876
98,111,75,0.66371681
113,117,95,0.84070796
117,105,95,0.84070796
105,110,95,0.84070796
110,110,95,0.84070796
114,97,42,0.37168142
97,108,42,0.37168142
108,112,42,0.37168142
112,104,70,0.61946903
109,97,98,0.86725664
97,120,98,0.86725664
112,104,69,0.61061947
104,105,12,0.10619469
105,108,12,0.10619469
108,105,16,0.14159292
105,112,12,0.10619469
100,119,57,0.50442478
119,105,57,0.50442478
105,103,57,0.50442478
103,104,78,0.69026549
104,116,57,0.50442478
100,101,30,0.26548673
101,118,77,0.68141593
118,121,30,0.26548673
121,110,30,0.26548673
109,97,97,0.85840708
97,120,97,0.85840708
113,117,94,0.83185841
117,105,94,0.83185841
105,110,94,0.83185841
110,110,94,0.83185841
113,117,93,0.82300885
117,105,93,0.82300885
105,110,93,0.82300885
110,110,93,0.82300885
104,117,21,0.18584071
117,103,21,0.18584071
103,104,77,0.68141593
116,121,108,0.95575221
100,119,56,0.49557522
119,105,56,0.49557522
105,103,56,0.49557522
103,104,76,0.67256637
104,116,56,0.49557522
100,101,29,0.25663717
101,118,76,0.67256637
118,121,29,0.25663717
121,110,29,0.25663717
101,108,19,0.16814159
108,118,19,0.16814159
118,105,19,0.16814159
105,115,19,0.16814159
116,121,107,0.94690265
113,117,92,0.81415929
117,105,92,0.81415929
105,110,92,0.81415929
110,110,92,0.81415929
100,101,28,0.24778761
101,118,75,0.66371681
118,121,28,0.24778761
121,110,28,0.24778761
109,97,96,0.84955752
97,120,96,0.84955752
113,117,91,0.80530973
117,105,91,0.80530973
105,110,91,0.80530973
110,110,91,0.80530973
102,108,72,0.63716814
108,111,72,0.63716814
111,121,72,0.63716814
121,100,72,0.63716814
113,117,90,0.79646018
117,105,90,0.79646018
105,110,90,0.79646018
110,110,90,0.79646018
114,97,41,0.36283186
97,108,41,0.36283186
108,112,41,0.36283186
112,104,68,0.60176991
106,97,75,0.66371681
97,99,75,0.66371681
99,107,95,0.84070796
106,97,74,0.65486726
97,99,74,0.65486726
99,107,94,0.83185841
114,97,40,0.3539823
97,108,40,0.3539823
108,112,40,0.3539823
112,104,67,0.59292035
98,111,73,0.6460177
106,97,73,0.6460177
97,99,73,0.6460177
99,107,93,0.82300885
113,117,89,0.78761062
117,105,89,0.78761062
105,110,89,0.78761062
110,110,89,0.78761062
109,97,95,0.84070796
97,120,95,0.84070796
104,117,20,0.17699115
117,103,20,0.17699115
103,104,75,0.66371681
99,114,88,0.77876106
114,117,88,0.77876106
117,122,88,0.77876106
98,111,72,0.63716814
109,97,94,0.83185841
97,120,94,0.83185841
115,116,47,0.4159292
116,101,47,0.4159292
101,118,74,0.65486726
118,101,47,0.4159292
106,97,72,0.63716814
97,99,72,0.63716814
99,107,92,0.81415929
102,108,71,0.62831858
108,111,71,0.62831858
111,121,71,0.62831858
121,100,71,0.62831858
100,101,27,0.23893805
101,118,73,0.6460177
118,121,27,0.23893805
121,110,27,0.23893805
106,97,71,0.62831858
97,99,71,0.62831858
99,107,91,0.80530973
109,97,93,0.82300885
97,120,93,0.82300885
113,117,88,0.77876106
117,105,88,0.77876106
105,110,88,0.77876106
110,110,88,0.77876106
113,117,87,0.7699115
117,105,87,0.7699115
105,110,87,0.7699115
110,110,87,0.7699115
101,108,18,0.15929204
108,118,18,0.15929204
118,105,18,0.15929204
105,115,18,0.15929204
101,108,17,0.15044248
108,118,17,0.15044248
118,105,17,0.15044248
105,115,17,0.15044248
113,117,86,0.76106195
117,105,86,0.76106195
105,110,86,0.76106195
110,110,86,0.76106195
113,117,85,0.75221239
117,105,85,0.75221239
105,110,85,0.75221239
110,110,85,0.75221239
115,116,46,0.40707965
116,101,46,0.40707965
101,118,72,0.63716814
118,101,46,0.40707965
116,121,105,0.92920354
113,117,84,0.74336283
117,105,84,0.74336283
105,110,84,0.74336283
110,110,84,0.74336283
114,97,39,0.34513274
97,108,39,0.34513274
108,112,39,0.34513274
112,104,66,0.5840708
113,117,83,0.73451327
117,105,83,0.73451327
105,110,83,0.73451327
110,110,83,0.73451327
116,121,103,0.91150442
102,108,70,0.61946903
108,111,70,0.61946903
111,121,70,0.61946903
121,100,70,0.61946903
100,101,26,0.2300885
101,118,71,0.62831858
118,121,26,0.2300885
121,110,26,0.2300885
112,104,65,0.57522124
104,105,11,0.097345133
105,108,11,0.097345133
108,105,15,0.13274336
105,112,11,0.097345133
109,97,92,0.81415929
97,120,92,0.81415929
106,111,16,0.14159292
111,115,16,0.14159292
115,101,16,0.14159292
101,112,16,0.14159292
112,104,64,0.56637168
106,111,15,0.13274336
111,115,15,0.13274336
115,101,15,0.13274336
101,112,15,0.13274336
112,104,63,0.55752212
98,111,71,0.62831858
100,119,55,0.48672566
119,105,55,0.48672566
105,103,55,0.48672566
103,104,74,0.65486726
104,116,55,0.48672566
102,108,69,0.61061947
108,111,69,0.61061947
111,121,69,0.61061947
121,100,69,0.61061947
109,97,91,0.80530973
97,120,91,0.80530973
99,114,87,0.7699115
114,117,87,0.7699115
117,122,87,0.7699115
99,114,86,0.76106195
114,117,86,0.76106195
117,122,86,0.76106195
113,117,82,0.72566372
117,105,82,0.72566372
105,110,82,0.72566372
110,110,82,0.72566372
113,117,81,0.71681416
117,105,81,0.71681416
105,110,81,0.71681416
110,110,81,0.71681416
98,111,70,0.61946903
99,114,85,0.75221239
114,117,85,0.75221239
117,122,85,0.75221239
113,117,80,0.7079646
117,105,80,0.7079646
105,110,80,0.7079646
110,110,80,0.7079646
113,117,79,0.69911504
117,105,79,0.69911504
105,110,79,0.69911504
110,110,79,0.69911504
113,117,78,0.69026549
117,105,78,0.69026549
105,110,78,0.69026549
110,110,78,0.69026549
113,117,77,0.68141593
117,105,77,0.68141593
105,110,77,0.68141593
110,110,77,0.68141593
116,121,101,0.89380531
104,117,19,0.16814159
117,103,19,0.16814159
103,104,73,0.6460177
116,121,100,0.88495575
100,119,54,0.47787611
119,105,54,0.47787611
105,103,54,0.47787611
103,104,72,0.63716814
104,116,54,0.47787611
100,114,41,0.36283186
114,101,47,0.4159292
101,119,41,0.36283186
106,97,70,0.61946903
97,99,70,0.61946903
99,107,90,0.79646018
109,97,90,0.79646018
97,120,90,0.79646018
99,114,84,0.74336283
114,117,84,0.74336283
117,122,84,0.74336283
116,121,99,0.87610619
99,114,83,0.73451327
114,117,83,0.73451327
117,122,83,0.73451327
98,111,69,0.61061947
114,97,38,0.33628319
97,108,38,0.33628319
108,112,38,0.33628319
112,104,62,0.54867257
113,117,76,0.67256637
117,105,76,0.67256637
105,110,76,0.67256637
110,110,76,0.67256637
98,111,68,0.60176991
116,121,98,0.86725664
114,97,37,0.32743363
97,108,37,0.32743363
108,112,37,0.32743363
112,104,61,0.53982301
113,117,75,0.66371681
117,105,75,0.66371681
105,110,75,0.66371681
110,110,75,0.66371681
109,97,89,0.78761062
97,120,89,0.78761062
112,104,60,0.53097345
104,105,10,0.088495575
105,108,10,0.088495575
108,105,14,0.12389381
105,112,10,0.088495575
115,116,45,0.39823009
116,101,45,0.39823009
101,118,70,0.61946903
118,101,45,0.39823009
113,117,74,0.65486726
117,105,74,0.65486726
105,110,74,0.65486726
110,110,74,0.65486726
98,111,67,0.59292035
100,101,25,0.22123894
101,118,69,0.61061947
118,121,25,0.22123894
121,110,25,0.22123894
109,97,88,0.77876106
97,120,88,0.77876106
113,117,73,0.6460177
117,105,73,0.6460177
105,110,73,0.6460177
110,110,73,0.6460177
113,117,72,0.63716814
117,105,72,0.63716814
105,110,72,0.63716814
110,110,72,0.63716814
106,97,69,0.61061947
97,99,69,0.61061947
99,107,89,0.78761062
116,121,97,0.85840708
100,119,53,0.46902655
119,105,53,0.46902655
105,103,53,0.46902655
103,104,71,0.62831858
104,116,53,0.46902655
100,114,40,0.3539823
114,101,46,0.40707965
101,119,40,0.3539823
115,116,44,0.38938053
116,101,44,0.38938053
101,118,68,0.60176991
118,101,44,0.38938053
102,108,68,0.60176991
108,111,68,0.60176991
111,121,68,0.60176991
121,100,68,0.60176991
102,108,67,0.59292035
108,111,67,0.59292035
111,121,67,0.59292035
121,100,67,0.59292035
98,111,66,0.5840708
100,119,52,0.46017699
119,105,52,0.46017699
105,103,52,0.46017699
103,104,70,0.61946903
104,116,52,0.46017699
115,116,43,0.38053097
116,101,43,0.38053097
101,118,67,0.59292035
118,101,43,0.38053097
106,97,68,0.60176991
97,99,68,0.60176991
99,107,88,0.77876106
104,117,18,0.15929204
117,103,18,0.15929204
103,104,69,0.61061947
99,114,82,0.72566372
114,117,82,0.72566372
117,122,82,0.72566372
100,119,51,0.45132743
119,105,51,0.45132743
105,103,51,0.45132743
103,104,68,0.60176991
104,116,51,0.45132743
114,97,36,0.31858407
97,108,36,0.31858407
108,112,36,0.31858407
112,104,59,0.52212389
99,114,81,0.71681416
114,117,81,0.71681416
117,122,81,0.71681416
114,97,35,0.30973451
97,108,35,0.30973451
108,112,35,0.30973451
112,104,58,0.51327434
106,111,14,0.12389381
111,115,14,0.12389381
115,101,14,0.12389381
101,112,14,0.12389381
112,104,57,0.50442478
113,117,71,0.62831858
117,105,71,0.62831858
105,110,71,0.62831858
110,110,71,0.62831858
100,114,39,0.34513274
114,101,45,0.39823009
101,119,39,0.34513274
106,97,67,0.59292035
97,99,67,0.59292035
99,107,87,0.7699115
114,97,34,0.30088496
97,108,34,0.30088496
108,112,34,0.30088496
112,104,56,0.49557522
104,105,9,0.079646018
105,108,9,0.079646018
108,105,13,0.11504425
105,112,9,0.079646018
113,117,70,0.61946903
117,105,70,0.61946903
105,110,70,0.61946903
110,110,70,0.61946903
109,97,87,0.7699115
97,120,87,0.7699115
102,108,66,0.5840708
108,111,66,0.5840708
111,121,66,0.5840708
121,100,66,0.5840708
104,117,17,0.15044248
117,103,17,0.15044248
103,104,67,0.59292035
113,117,69,0.61061947
117,105,69,0.61061947
105,110,69,0.61061947
110,110,69,0.61061947
100,114,38,0.33628319
114,101,44,0.38938053
101,119,38,0.33628319
100,101,24,0.21238938
101,118,66,0.5840708
118,121,24,0.21238938
121,110,24,0.21238938
106,97,66,0.5840708
97,99,66,0.5840708
99,107,86,0.76106195
115,116,42,0.37168142
116,101,42,0.37168142
101,118,65,0.57522124
118,101,42,0.37168142
109,97,86,0.76106195
97,120,86,0.76106195
99,114,80,0.7079646
114,117,80,0.7079646
117,122,80,0.7079646
99,114,79,0.69911504
114,117,79,0.69911504
117,122,79,0.69911504
99,114,78,0.69026549
114,117,78,0.69026549
117,122,78,0.69026549
99,114,77,0.68141593
114,117,77,0.68141593
117,122,77,0.68141593
106,97,65,0.57522124
97,99,65,0.57522124
99,107,85,0.75221239
102,108,65,0.57522124
108,111,65,0.57522124
111,121,65,0.57522124
121,100,65,0.57522124
116,121,95,0.84070796
98,111,65,0.57522124
106,111,13,0.11504425
111,115,13,0.11504425
115,101,13,0.11504425
101,112,13,0.11504425
112,104,54,0.47787611
114,97,33,0.2920354
97,108,33,0.2920354
108,112,33,0.2920354
112,104,53,0.46902655
104,117,16,0.14159292
117,103,16,0.14159292
103,104,66,0.5840708
100,119,50,0.44247788
119,105,50,0.44247788
105,103,50,0.44247788
103,104,65,0.57522124
104,116,50,0.44247788
98,111,64,0.56637168
106,97,64,0.56637168
97,99,64,0.56637168
99,107,84,0.74336283
106,97,63,0.55752212
97,99,63,0.55752212
99,107,83,0.73451327
100,101,23,0.20353982
101,118,64,0.56637168
118,121,23,0.20353982
121,110,23,0.20353982
115,116,41,0.36283186
116,101,41,0.36283186
101,118,63,0.55752212
118,101,41,0.36283186
115,116,40,0.3539823
116,101,40,0.3539823
101,118,62,0.54867257
118,101,40,0.3539823
102,108,64,0.56637168
108,111,64,0.56637168
111,121,64,0.56637168
121,100,64,0.56637168
106,97,62,0.54867257
97,99,62,0.54867257
99,107,82,0.72566372
109,97,85,0.75221239
97,120,85,0.75221239
116,121,94,0.83185841
113,117,68,0.60176991
117,105,68,0.60176991
105,110,68,0.60176991
110,110,68,0.60176991
102,108,63,0.55752212
108,111,63,0.55752212
111,121,63,0.55752212
121,100,63,0.55752212
106,97,61,0.53982301
97,99,61,0.53982301
99,107,81,0.71681416
98,111,63,0.55752212
116,121,93,0.82300885
100,119,49,0.43362832
119,105,49,0.43362832
105,103,49,0.43362832
103,104,64,0.56637168
104,116,49,0.43362832
116,121,92,0.81415929
115,116,39,0.34513274
116,101,39,0.34513274
101,118,61,0.53982301
118,101,39,0.34513274
115,116,38,0.33628319
116,101,38,0.33628319
101,118,60,0.53097345
118,101,38,0.33628319
100,114,37,0.32743363
114,101,43,0.38053097
101,119,37,0.32743363
98,111,62,0.54867257
106,111,12,0.10619469
111,115,12,0.10619469
115,101,12,0.10619469
101,112,12,0.10619469
112,104,52,0.46017699
99,108,4,0.03539823
108,105,12,0.10619469
105,102,4,0.03539823
102,102,4,0.03539823
102,111,4,0.03539823
111,114,4,0.03539823
114,100,4,0.03539823
116,121,91,0.80530973
106,97,60,0.53097345
97,99,60,0.53097345
99,107,80,0.7079646
106,97,59,0.52212389
97,99,59,0.52212389
99,107,79,0.69911504
100,119,48,0.42477876
119,105,48,0.42477876
105,103,48,0.42477876
103,104,63,0.55752212
104,116,48,0.42477876
100,119,47,0.4159292
119,105,47,0.4159292
105,103,47,0.4159292
103,104,62,0.54867257
104,116,47,0.4159292
100,101,22,0.19469027
101,118,59,0.52212389
118,121,22,0.19469027
121,110,22,0.19469027
106,97,58,0.51327434
97,99,58,0.51327434
99,107,78,0.69026549
114,97,32,0.28318584
97,108,32,0.28318584
108,112,32,0.28318584
112,104,51,0.45132743
104,117,15,0.13274336
117,103,15,0.13274336
103,104,61,0.53982301
100,114,36,0.31858407
114,101,42,0.37168142
101,119,36,0.31858407
98,114,20,0.17699115
114,111,20,0.17699115
111,99,20,0.17699115
99,107,77,0.68141593
109,97,84,0.74336283
97,120,84,0.74336283
114,97,31,0.27433628
97,108,31,0.27433628
108,112,31,0.27433628
112,104,50,0.44247788
109,97,83,0.73451327
97,120,83,0.73451327
114,97,30,0.26548673
97,108,30,0.26548673
108,112,30,0.26548673
112,104,49,0.43362832
100,114,35,0.30973451
114,101,41,0.36283186
101,119,35,0.30973451
98,111,61,0.53982301
100,114,34,0.30088496
114,101,40,0.3539823
101,119,34,0.30088496
106,111,11,0.097345133
111,115,11,0.097345133
115,101,11,0.097345133
101,112,11,0.097345133
112,104,48,0.42477876
109,97,82,0.72566372
97,120,82,0.72566372
100,119,46,0.40707965
119,105,46,0.40707965
105,103,46,0.40707965
103,104,60,0.53097345
104,116,46,0.40707965
113,117,67,0.59292035
117,105,67,0.59292035
105,110,67,0.59292035
110,110,67,0.59292035
116,121,90,0.79646018
103,114,6,0.053097345
114,101,39,0.34513274
101,103,6,0.053097345
113,117,66,0.5840708
117,105,66,0.5840708
105,110,66,0.5840708
110,110,66,0.5840708
99,114,76,0.67256637
114,117,76,0.67256637
117,122,76,0.67256637
104,117,14,0.12389381
117,103,14,0.12389381
103,104,59,0.52212389
113,117,65,0.57522124
117,105,65,0.57522124
105,110,65,0.57522124
110,110,65,0.57522124
100,114,33,0.2920354
114,101,38,0.33628319
101,119,33,0.2920354
116,121,89,0.78761062
99,114,75,0.66371681
114,117,75,0.66371681
117,122,75,0.66371681
101,108,16,0.14159292
108,118,16,0.14159292
118,105,16,0.14159292
105,115,16,0.14159292
100,119,45,0.39823009
119,105,45,0.39823009
105,103,45,0.39823009
103,104,58,0.51327434
104,116,45,0.39823009
106,97,57,0.50442478
97,99,57,0.50442478
99,107,76,0.67256637
99,114,74,0.65486726
114,117,74,0.65486726
117,122,74,0.65486726
99,114,73,0.6460177
114,117,73,0.6460177
117,122,73,0.6460177
109,97,81,0.71681416
97,120,81,0.71681416
109,97,80,0.7079646
97,120,80,0.7079646
106,97,56,0.49557522
97,99,56,0.49557522
99,107,75,0.66371681
100,119,44,0.38938053
119,105,44,0.38938053
105,103,44,0.38938053
103,104,57,0.50442478
104,116,44,0.38938053
113,117,64,0.56637168
117,105,64,0.56637168
105,110,64,0.56637168
110,110,64,0.56637168
114,97,29,0.25663717
97,108,29,0.25663717
108,112,29,0.25663717
112,104,47,0.4159292
109,97,79,0.69911504
97,120,79,0.69911504
106,97,55,0.48672566
97,99,55,0.48672566
99,107,74,0.65486726
114,97,28,0.24778761
97,108,28,0.24778761
108,112,28,0.24778761
112,104,46,0.40707965
116,121,88,0.77876106
109,97,78,0.69026549
97,120,78,0.69026549
115,116,37,0.32743363
116,101,37,0.32743363
101,118,58,0.51327434
118,101,37,0.32743363
99,114,72,0.63716814
114,117,72,0.63716814
117,122,72,0.63716814
115,116,36,0.31858407
116,101,36,0.31858407
101,118,57,0.50442478
118,101,36,0.31858407
100,114,32,0.28318584
114,101,37,0.32743363
101,119,32,0.28318584
98,111,60,0.53097345
100,114,31,0.27433628
114,101,36,0.31858407
101,119,31,0.27433628
116,121,87,0.7699115
115,116,35,0.30973451
116,101,35,0.30973451
101,118,56,0.49557522
118,101,35,0.30973451
99,114,71,0.62831858
114,117,71,0.62831858
117,122,71,0.62831858
109,97,77,0.68141593
97,120,77,0.68141593
102,108,62,0.54867257
108,111,62,0.54867257
111,121,62,0.54867257
121,100,62,0.54867257
114,97,27,0.23893805
97,108,27,0.23893805
108,112,27,0.23893805
112,104,45,0.39823009
106,97,54,0.47787611
97,99,54,0.47787611
99,107,73,0.6460177
113,117,63,0.55752212
117,105,63,0.55752212
105,110,63,0.55752212
110,110,63,0.55752212
98,114,19,0.16814159
114,111,19,0.16814159
111,99,19,0.16814159
99,107,72,0.63716814
109,97,76,0.67256637
97,120,76,0.67256637
100,114,30,0.26548673
114,101,35,0.30973451
101,119,30,0.26548673
115,116,34,0.30088496
116,101,34,0.30088496
101,118,55,0.48672566
118,101,34,0.30088496
98,111,59,0.52212389
115,116,33,0.2920354
116,101,33,0.2920354
101,118,54,0.47787611
118,101,33,0.2920354
102,108,61,0.53982301
108,111,61,0.53982301
111,121,61,0.53982301
121,100,61,0.53982301
113,117,62,0.54867257
117,105,62,0.54867257
105,110,62,0.54867257
110,110,62,0.54867257
104,117,13,0.11504425
117,103,13,0.11504425
103,104,56,0.49557522
113,117,61,0.53982301
117,105,61,0.53982301
105,110,61,0.53982301
110,110,61,0.53982301
102,108,60,0.53097345
108,111,60,0.53097345
111,121,60,0.53097345
121,100,60,0.53097345
109,97,75,0.66371681
97,120,75,0.66371681
104,117,12,0.10619469
117,103,12,0.10619469
103,104,55,0.48672566
116,121,85,0.75221239
113,117,60,0.53097345
117,105,60,0.53097345
105,110,60,0.53097345
110,110,60,0.53097345
115,116,32,0.28318584
116,101,32,0.28318584
101,118,53,0.46902655
118,101,32,0.28318584
99,114,70,0.61946903
114,117,70,0.61946903
117,122,70,0.61946903
114,97,26,0.2300885
97,108,26,0.2300885
108,112,26,0.2300885
112,104,44,0.38938053
100,119,43,0.38053097
119,105,43,0.38053097
105,103,43,0.38053097
103,104,54,0.47787611
104,116,43,0.38053097
113,117,59,0.52212389
117,105,59,0.52212389
105,110,59,0.52212389
110,110,59,0.52212389
98,114,18,0.15929204
114,111,18,0.15929204
111,99,18,0.15929204
99,107,71,0.62831858
102,108,59,0.52212389
108,111,59,0.52212389
111,121,59,0.52212389
121,100,59,0.52212389
99,114,69,0.61061947
114,117,69,0.61061947
117,122,69,0.61061947
99,114,68,0.60176991
114,117,68,0.60176991
117,122,68,0.60176991
98,111,58,0.51327434
116,121,84,0.74336283
109,97,74,0.65486726
97,120,74,0.65486726
103,114,5,0.044247788
114,101,34,0.30088496
101,103,5,0.044247788
106,97,53,0.46902655
97,99,53,0.46902655
99,107,70,0.61946903
116,121,83,0.73451327
100,119,42,0.37168142
119,105,42,0.37168142
105,103,42,0.37168142
103,104,53,0.46902655
104,116,42,0.37168142
99,114,67,0.59292035
114,117,67,0.59292035
117,122,67,0.59292035
109,97,73,0.6460177
97,120,73,0.6460177
100,114,29,0.25663717
114,101,33,0.2920354
101,119,29,0.25663717
109,97,72,0.63716814
97,120,72,0.63716814
101,108,15,0.13274336
108,118,15,0.13274336
118,105,15,0.13274336
105,115,15,0.13274336
115,116,31,0.27433628
116,101,31,0.27433628
101,118,52,0.46017699
118,101,31,0.27433628
100,119,41,0.36283186
119,105,41,0.36283186
105,103,41,0.36283186
103,104,52,0.46017699
104,116,41,0.36283186
98,111,57,0.50442478
113,117,58,0.51327434
117,105,58,0.51327434
105,110,58,0.51327434
110,110,58,0.51327434
106,97,52,0.46017699
97,99,52,0.46017699
99,107,69,0.61061947
99,114,66,0.5840708
114,117,66,0.5840708
117,122,66,0.5840708
109,97,71,0.62831858
97,120,71,0.62831858
102,108,58,0.51327434
108,111,58,0.51327434
111,121,58,0.51327434
121,100,58,0.51327434
109,97,70,0.61946903
97,120,70,0.61946903
112,104,43,0.38053097
104,105,8,0.07079646
105,108,8,0.07079646
108,105,11,0.097345133
105,112,8,0.07079646
113,117,57,0.50442478
117,105,57,0.50442478
105,110,57,0.50442478
110,110,57,0.50442478
116,121,82,0.72566372
99,114,65,0.57522124
114,117,65,0.57522124
117,122,65,0.57522124
109,97,69,0.61061947
97,120,69,0.61061947
113,117,56,0.49557522
117,105,56,0.49557522
105,110,56,0.49557522
110,110,56,0.49557522
98,111,56,0.49557522
106,97,51,0.45132743
97,99,51,0.45132743
99,107,68,0.60176991
109,97,68,0.60176991
97,120,68,0.60176991
106,97,50,0.44247788
97,99,50,0.44247788
99,107,67,0.59292035
100,119,40,0.3539823
119,105,40,0.3539823
105,103,40,0.3539823
103,104,51,0.45132743
104,116,40,0.3539823
116,121,81,0.71681416
99,114,64,0.56637168
114,117,64,0.56637168
117,122,64,0.56637168
112,104,42,0.37168142
104,105,7,0.061946903
105,108,7,0.061946903
108,105,10,0.088495575
105,112,7,0.061946903
113,117,55,0.48672566
117,105,55,0.48672566
105,110,55,0.48672566
110,110,55,0.48672566
98,114,17,0.15044248
114,111,17,0.15044248
111,99,17,0.15044248
99,107,66,0.5840708
116,121,80,0.7079646
106,97,49,0.43362832
97,99,49,0.43362832
99,107,65,0.57522124
99,114,63,0.55752212
114,117,63,0.55752212
117,122,63,0.55752212
100,101,21,0.18584071
101,118,51,0.45132743
118,121,21,0.18584071
121,110,21,0.18584071
102,108,57,0.50442478
108,111,57,0.50442478
111,121,57,0.50442478
121,100,57,0.50442478
115,116,30,0.26548673
116,101,30,0.26548673
101,118,50,0.44247788
118,101,30,0.26548673
101,108,14,0.12389381
108,118,14,0.12389381
118,105,14,0.12389381
105,115,14,0.12389381
114,97,25,0.22123894
97,108,25,0.22123894
108,112,25,0.22123894
112,104,41,0.36283186
106,97,48,0.42477876
97,99,48,0.42477876
99,107,64,0.56637168
100,114,28,0.24778761
114,101,32,0.28318584
101,119,28,0.24778761
106,97,47,0.4159292
97,99,47,0.4159292
99,107,63,0.55752212
116,121,79,0.69911504
106,97,46,0.40707965
97,99,46,0.40707965
99,107,62,0.54867257
100,119,39,0.34513274
119,105,39,0.34513274
105,103,39,0.34513274
103,104,50,0.44247788
104,116,39,0.34513274
116,121,78,0.69026549
106,97,45,0.39823009
97,99,45,0.39823009
99,107,61,0.53982301
116,121,77,0.68141593
113,117,54,0.47787611
117,105,54,0.47787611
105,110,54,0.47787611
110,110,54,0.47787611
102,108,56,0.49557522
108,111,56,0.49557522
111,121,56,0.49557522
121,100,56,0.49557522
109,97,67,0.59292035
97,120,67,0.59292035
98,111,55,0.48672566
106,97,44,0.38938053
97,99,44,0.38938053
99,107,60,0.53097345
98,111,54,0.47787611
116,121,76,0.67256637
109,97,66,0.5840708
97,120,66,0.5840708
98,114,16,0.14159292
114,111,16,0.14159292
111,99,16,0.14159292
99,107,59,0.52212389
109,97,65,0.57522124
97,120,65,0.57522124
109,97,64,0.56637168
97,120,64,0.56637168
106,97,43,0.38053097
97,99,43,0.38053097
99,107,58,0.51327434
106,97,42,0.37168142
97,99,42,0.37168142
99,107,57,0.50442478
116,121,75,0.66371681
103,114,4,0.03539823
114,101,31,0.27433628
101,103,4,0.03539823
114,97,24,0.21238938
97,108,24,0.21238938
108,112,24,0.21238938
112,104,40,0.3539823
116,121,73,0.6460177
102,108,55,0.48672566
108,111,55,0.48672566
111,121,55,0.48672566
121,100,55,0.48672566
99,114,62,0.54867257
114,117,62,0.54867257
117,122,62,0.54867257
116,121,72,0.63716814
102,108,54,0.47787611
108,111,54,0.47787611
111,121,54,0.47787611
121,100,54,0.47787611
100,114,27,0.23893805
114,101,30,0.26548673
101,119,27,0.23893805
98,114,15,0.13274336
114,111,15,0.13274336
111,99,15,0.13274336
99,107,56,0.49557522
104,117,11,0.097345133
117,103,11,0.097345133
103,104,49,0.43362832
98,111,53,0.46902655
102,108,53,0.46902655
108,111,53,0.46902655
111,121,53,0.46902655
121,100,53,0.46902655
101,108,13,0.11504425
108,118,13,0.11504425
118,105,13,0.11504425
105,115,13,0.11504425
102,108,52,0.46017699
108,111,52,0.46017699
111,121,52,0.46017699
121,100,52,0.46017699
106,97,41,0.36283186
97,99,41,0.36283186
99,107,55,0.48672566
106,111,10,0.088495575
111,115,10,0.088495575
115,101,10,0.088495575
101,112,10,0.088495575
112,104,39,0.34513274
106,111,9,0.079646018
111,115,9,0.079646018
115,101,9,0.079646018
101,112,9,0.079646018
112,104,38,0.33628319
116,121,71,0.62831858
99,114,61,0.53982301
114,117,61,0.53982301
117,122,61,0.53982301
99,114,60,0.53097345
114,117,60,0.53097345
117,122,60,0.53097345
115,116,29,0.25663717
116,101,29,0.25663717
101,118,49,0.43362832
118,101,29,0.25663717
102,108,51,0.45132743
108,111,51,0.45132743
111,121,51,0.45132743
121,100,51,0.45132743
102,108,50,0.44247788
108,111,50,0.44247788
111,121,50,0.44247788
121,100,50,0.44247788
106,97,40,0.3539823
97,99,40,0.3539823
99,107,54,0.47787611
102,108,49,0.43362832
108,111,49,0.43362832
111,121,49,0.43362832
121,100,49,0.43362832
102,108,48,0.42477876
108,111,48,0.42477876
111,121,48,0.42477876
121,100,48,0.42477876
116,121,70,0.61946903
113,117,53,0.46902655
117,105,53,0.46902655
105,110,53,0.46902655
110,110,53,0.46902655
113,117,52,0.46017699
117,105,52,0.46017699
105,110,52,0.46017699
110,110,52,0.46017699
116,121,69,0.61061947
100,119,38,0.33628319
119,105,38,0.33628319
105,103,38,0.33628319
103,104,48,0.42477876
104,116,38,0.33628319
100,114,26,0.2300885
114,101,29,0.25663717
101,119,26,0.2300885
114,97,23,0.20353982
97,108,23,0.20353982
108,112,23,0.20353982
112,104,37,0.32743363
100,114,25,0.22123894
114,101,28,0.24778761
101,119,25,0.22123894
113,117,51,0.45132743
117,105,51,0.45132743
105,110,51,0.45132743
110,110,51,0.45132743
113,117,50,0.44247788
117,105,50,0.44247788
105,110,50,0.44247788
110,110,50,0.44247788
100,119,37,0.32743363
119,105,37,0.32743363
105,103,37,0.32743363
103,104,47,0.4159292
104,116,37,0.32743363
99,114,59,0.52212389
114,117,59,0.52212389
117,122,59,0.52212389
113,117,49,0.43362832
117,105,49,0.43362832
105,110,49,0.43362832
110,110,49,0.43362832
109,97,63,0.55752212
97,120,63,0.55752212
109,97,62,0.54867257
97,120,62,0.54867257
113,117,48,0.42477876
117,105,48,0.42477876
105,110,48,0.42477876
110,110,48,0.42477876
113,117,47,0.4159292
117,105,47,0.4159292
105,110,47,0.4159292
110,110,47,0.4159292
100,119,36,0.31858407
119,105,36,0.31858407
105,103,36,0.31858407
103,104,46,0.40707965
104,116,36,0.31858407
113,117,46,0.40707965
117,105,46,0.40707965
105,110,46,0.40707965
110,110,46,0.40707965
98,111,52,0.46017699
102,108,47,0.4159292
108,111,47,0.4159292
111,121,47,0.4159292
121,100,47,0.4159292
109,97,61,0.53982301
97,120,61,0.53982301
104,117,10,0.088495575
117,103,10,0.088495575
103,104,45,0.39823009
100,114,24,0.21238938
114,101,27,0.23893805
101,119,24,0.21238938
100,101,20,0.17699115
101,118,48,0.42477876
118,121,20,0.17699115
121,110,20,0.17699115
102,108,46,0.40707965
108,111,46,0.40707965
111,121,46,0.40707965
121,100,46,0.40707965
109,97,60,0.53097345
97,120,60,0.53097345
102,108,45,0.39823009
108,111,45,0.39823009
111,121,45,0.39823009
121,100,45,0.39823009
102,108,44,0.38938053
108,111,44,0.38938053
111,121,44,0.38938053
121,100,44,0.38938053
99,114,58,0.51327434
114,117,58,0.51327434
117,122,58,0.51327434
109,97,59,0.52212389
97,120,59,0.52212389
106,97,39,0.34513274
97,99,39,0.34513274
99,107,53,0.46902655
99,114,57,0.50442478
114,117,57,0.50442478
117,122,57,0.50442478
116,121,68,0.60176991
114,97,22,0.19469027
97,108,22,0.19469027
108,112,22,0.19469027
112,104,36,0.31858407
114,97,21,0.18584071
97,108,21,0.18584071
108,112,21,0.18584071
112,104,35,0.30973451
114,97,20,0.17699115
97,108,20,0.17699115
108,112,20,0.17699115
112,104,34,0.30088496
106,111,8,0.07079646
111,115,8,0.07079646
115,101,8,0.07079646
101,112,8,0.07079646
112,104,33,0.2920354
100,119,35,0.30973451
119,105,35,0.30973451
105,103,35,0.30973451
103,104,44,0.38938053
104,116,35,0.30973451
114,97,19,0.16814159
97,108,19,0.16814159
108,112,19,0.16814159
112,104,32,0.28318584
100,119,34,0.30088496
119,105,34,0.30088496
105,103,34,0.30088496
103,104,43,0.38053097
104,116,34,0.30088496
116,121,67,0.59292035
115,116,28,0.24778761
116,101,28,0.24778761
101,118,47,0.4159292
118,101,28,0.24778761
109,97,58,0.51327434
97,120,58,0.51327434
116,121,66,0.5840708
99,114,56,0.49557522
114,117,56,0.49557522
117,122,56,0.49557522
116,121,65,0.57522124
100,101,19,0.16814159
101,118,46,0.40707965
118,121,19,0.16814159
121,110,19,0.16814159
100,101,18,0.15929204
101,118,45,0.39823009
118,121,18,0.15929204
121,110,18,0.15929204
116,121,64,0.56637168
100,119,33,0.2920354
119,105,33,0.2920354
105,103,33,0.2920354
103,104,42,0.37168142
104,116,33,0.2920354
102,108,43,0.38053097
108,111,43,0.38053097
111,121,43,0.38053097
121,100,43,0.38053097
98,114,14,0.12389381
114,111,14,0.12389381
111,99,14,0.12389381
99,107,52,0.46017699
99,114,55,0.48672566
114,117,55,0.48672566
117,122,55,0.48672566
113,117,45,0.39823009
117,105,45,0.39823009
105,110,45,0.39823009
110,110,45,0.39823009
99,114,54,0.47787611
114,117,54,0.47787611
117,122,54,0.47787611
100,101,17,0.15044248
101,118,44,0.38938053
118,121,17,0.15044248
121,110,17,0.15044248
113,117,44,0.38938053
117,105,44,0.38938053
105,110,44,0.38938053
110,110,44,0.38938053
98,111,51,0.45132743
102,108,42,0.37168142
108,111,42,0.37168142
111,121,42,0.37168142
121,100,42,0.37168142
113,117,43,0.38053097
117,105,43,0.38053097
105,110,43,0.38053097
110,110,43,0.38053097
113,117,42,0.37168142
117,105,42,0.37168142
105,110,42,0.37168142
110,110,42,0.37168142
109,97,57,0.50442478
97,120,57,0.50442478
100,119,32,0.28318584
119,105,32,0.28318584
105,103,32,0.28318584
103,104,41,0.36283186
104,116,32,0.28318584
109,97,56,0.49557522
97,120,56,0.49557522
113,117,41,0.36283186
117,105,41,0.36283186
105,110,41,0.36283186
110,110,41,0.36283186
99,114,53,0.46902655
114,117,53,0.46902655
117,122,53,0.46902655
106,97,38,0.33628319
97,99,38,0.33628319
99,107,51,0.45132743
113,117,40,0.3539823
117,105,40,0.3539823
105,110,40,0.3539823
110,110,40,0.3539823
112,104,31,0.27433628
104,105,6,0.053097345
105,108,6,0.053097345
108,105,9,0.079646018
105,112,6,0.053097345
113,117,39,0.34513274
117,105,39,0.34513274
105,110,39,0.34513274
110,110,39,0.34513274
99,114,52,0.46017699
114,117,52,0.46017699
117,122,52,0.46017699
100,114,23,0.20353982
114,101,26,0.2300885
101,119,23,0.20353982
106,97,37,0.32743363
97,99,37,0.32743363
99,107,50,0.44247788
116,121,63,0.55752212
102,108,41,0.36283186
108,111,41,0.36283186
111,121,41,0.36283186
121,100,41,0.36283186
100,101,16,0.14159292
101,118,43,0.38053097
118,121,16,0.14159292
121,110,16,0.14159292
99,114,51,0.45132743
114,117,51,0.45132743
117,122,51,0.45132743
116,121,62,0.54867257
99,114,50,0.44247788
114,117,50,0.44247788
117,122,50,0.44247788
98,111,50,0.44247788
101,108,12,0.10619469
108,118,12,0.10619469
118,105,12,0.10619469
105,115,12,0.10619469
116,121,60,0.53097345
113,117,38,0.33628319
117,105,38,0.33628319
105,110,38,0.33628319
110,110,38,0.33628319
102,108,40,0.3539823
108,111,40,0.3539823
111,121,40,0.3539823
121,100,40,0.3539823
99,114,49,0.43362832
114,117,49,0.43362832
117,122,49,0.43362832
106,97,36,0.31858407
97,99,36,0.31858407
99,107,49,0.43362832
116,121,59,0.52212389
109,97,55,0.48672566
97,120,55,0.48672566
99,108,3,0.026548673
108,105,8,0.07079646
105,102,3,0.026548673
102,102,3,0.026548673
102,111,3,0.026548673
111,114,3,0.026548673
114,100,3,0.026548673
106,97,35,0.30973451
97,99,35,0.30973451
99,107,48,0.42477876
106,97,34,0.30088496
97,99,34,0.30088496
99,107,47,0.4159292
99,114,48,0.42477876
114,117,48,0.42477876
117,122,48,0.42477876
112,104,30,0.26548673
104,105,5,0.044247788
105,108,5,0.044247788
108,105,7,0.061946903
105,112,5,0.044247788
99,114,47,0.4159292
114,117,47,0.4159292
117,122,47,0.4159292
99,114,46,0.40707965
114,117,46,0.40707965
117,122,46,0.40707965
100,119,31,0.27433628
119,105,31,0.27433628
105,103,31,0.27433628
103,104,40,0.3539823
104,116,31,0.27433628
99,114,45,0.39823009
114,117,45,0.39823009
117,122,45,0.39823009
98,114,13,0.11504425
114,111,13,0.11504425
111,99,13,0.11504425
99,107,46,0.40707965
100,119,30,0.26548673
119,105,30,0.26548673
105,103,30,0.26548673
103,104,39,0.34513274
104,116,30,0.26548673
113,117,37,0.32743363
117,105,37,0.32743363
105,110,37,0.32743363
110,110,37,0.32743363
98,111,49,0.43362832
99,114,44,0.38938053
114,117,44,0.38938053
117,122,44,0.38938053
102,108,39,0.34513274
108,111,39,0.34513274
111,121,39,0.34513274
121,100,39,0.34513274
115,116,27,0.23893805
116,101,27,0.23893805
101,118,42,0.37168142
118,101,27,0.23893805
102,108,38,0.33628319
108,111,38,0.33628319
111,121,38,0.33628319
121,100,38,0.33628319
116,121,58,0.51327434
99,114,43,0.38053097
114,117,43,0.38053097
117,122,43,0.38053097
113,117,36,0.31858407
117,105,36,0.31858407
105,110,36,0.31858407
110,110,36,0.31858407
98,111,47,0.4159292
109,97,54,0.47787611
97,120,54,0.47787611
113,117,35,0.30973451
117,105,35,0.30973451
105,110,35,0.30973451
110,110,35,0.30973451
109,97,53,0.46902655
97,120,53,0.46902655
100,114,22,0.19469027
114,101,25,0.22123894
101,119,22,0.19469027
113,117,34,0.30088496
117,105,34,0.30088496
105,110,34,0.30088496
110,110,34,0.30088496
100,114,21,0.18584071
114,101,24,0.21238938
101,119,21,0.18584071
103,114,3,0.026548673
114,101,23,0.20353982
101,103,3,0.026548673
102,108,37,0.32743363
108,111,37,0.32743363
111,121,37,0.32743363
121,100,37,0.32743363
100,114,20,0.17699115
114,101,22,0.19469027
101,119,20,0.17699115
102,108,36,0.31858407
108,111,36,0.31858407
111,121,36,0.31858407
121,100,36,0.31858407
103,114,2,0.017699115
114,101,21,0.18584071
101,103,2,0.017699115
100,101,15,0.13274336
101,118,41,0.36283186
118,121,15,0.13274336
121,110,15,0.13274336
100,114,19,0.16814159
114,101,20,0.17699115
101,119,19,0.16814159
98,114,12,0.10619469
114,111,12,0.10619469
111,99,12,0.10619469
99,107,45,0.39823009
99,114,42,0.37168142
114,117,42,0.37168142
117,122,42,0.37168142
109,97,52,0.46017699
97,120,52,0.46017699
106,97,33,0.2920354
97,99,33,0.2920354
99,107,44,0.38938053
99,108,2,0.017699115
108,105,6,0.053097345
105,102,2,0.017699115
102,102,2,0.017699115
102,111,2,0.017699115
111,114,2,0.017699115
114,100,2,0.017699115
106,97,32,0.28318584
97,99,32,0.28318584
99,107,43,0.38053097
101,108,11,0.097345133
108,118,11,0.097345133
118,105,11,0.097345133
105,115,11,0.097345133
101,108,10,0.088495575
108,118,10,0.088495575
118,105,10,0.088495575
105,115,10,0.088495575
100,114,18,0.15929204
114,101,19,0.16814159
101,119,18,0.15929204
98,111,46,0.40707965
116,121,57,0.50442478
100,119,29,0.25663717
119,105,29,0.25663717
105,103,29,0.25663717
103,104,38,0.33628319
104,116,29,0.25663717
113,117,33,0.2920354
117,105,33,0.2920354
105,110,33,0.2920354
110,110,33,0.2920354
102,108,35,0.30973451
108,111,35,0.30973451
111,121,35,0.30973451
121,100,35,0.30973451
112,104,29,0.25663717
104,105,4,0.03539823
105,108,4,0.03539823
108,105,5,0.044247788
105,112,4,0.03539823
98,111,45,0.39823009
99,114,41,0.36283186
114,117,41,0.36283186
117,122,41,0.36283186
102,108,34,0.30088496
108,111,34,0.30088496
111,121,34,0.30088496
121,100,34,0.30088496
98,111,44,0.38938053
100,119,28,0.24778761
119,105,28,0.24778761
105,103,28,0.24778761
103,104,37,0.32743363
104,116,28,0.24778761
99,114,40,0.3539823
114,117,40,0.3539823
117,122,40,0.3539823
109,97,51,0.45132743
97,120,51,0.45132743
98,114,11,0.097345133
114,111,11,0.097345133
111,99,11,0.097345133
99,107,42,0.37168142
106,111,7,0.061946903
111,115,7,0.061946903
115,101,7,0.061946903
101,112,7,0.061946903
112,104,28,0.24778761
116,121,56,0.49557522
98,111,43,0.38053097
98,114,10,0.088495575
114,111,10,0.088495575
111,99,10,0.088495575
99,107,41,0.36283186
109,97,50,0.44247788
97,120,50,0.44247788
100,101,14,0.12389381
101,118,40,0.3539823
118,121,14,0.12389381
121,110,14,0.12389381
114,97,18,0.15929204
97,108,18,0.15929204
108,112,18,0.15929204
112,104,27,0.23893805
113,117,32,0.28318584
117,105,32,0.28318584
105,110,32,0.28318584
110,110,32,0.28318584
98,114,9,0.079646018
114,111,9,0.079646018
111,99,9,0.079646018
99,107,40,0.3539823
114,97,17,0.15044248
97,108,17,0.15044248
108,112,17,0.15044248
112,104,26,0.2300885
100,101,13,0.11504425
101,118,39,0.34513274
118,121,13,0.11504425
121,110,13,0.11504425
99,114,39,0.34513274
114,117,39,0.34513274
117,122,39,0.34513274
104,117,9,0.079646018
117,103,9,0.079646018
103,104,36,0.31858407
100,119,27,0.23893805
119,105,27,0.23893805
105,103,27,0.23893805
103,104,35,0.30973451
104,116,27,0.23893805
102,108,33,0.2920354
108,111,33,0.2920354
111,121,33,0.2920354
121,100,33,0.2920354
109,97,49,0.43362832
97,120,49,0.43362832
106,97,31,0.27433628
97,99,31,0.27433628
99,107,39,0.34513274
100,101,12,0.10619469
101,118,38,0.33628319
118,121,12,0.10619469
121,110,12,0.10619469
98,111,42,0.37168142
106,97,30,0.26548673
97,99,30,0.26548673
99,107,38,0.33628319
114,97,16,0.14159292
97,108,16,0.14159292
108,112,16,0.14159292
112,104,25,0.22123894
114,97,15,0.13274336
97,108,15,0.13274336
108,112,15,0.13274336
112,104,24,0.21238938
98,111,41,0.36283186
100,119,26,0.2300885
119,105,26,0.2300885
105,103,26,0.2300885
103,104,34,0.30088496
104,116,26,0.2300885
116,121,55,0.48672566
113,117,31,0.27433628
117,105,31,0.27433628
105,110,31,0.27433628
110,110,31,0.27433628
98,114,8,0.07079646
114,111,8,0.07079646
111,99,8,0.07079646
99,107,37,0.32743363
98,111,39,0.34513274
115,116,26,0.2300885
116,101,26,0.2300885
101,118,37,0.32743363
118,101,26,0.2300885
102,108,32,0.28318584
108,111,32,0.28318584
111,121,32,0.28318584
121,100,32,0.28318584
116,121,54,0.47787611
109,97,48,0.42477876
97,120,48,0.42477876
99,114,38,0.33628319
114,117,38,0.33628319
117,122,38,0.33628319
99,114,37,0.32743363
114,117,37,0.32743363
117,122,37,0.32743363
99,114,36,0.31858407
114,117,36,0.31858407
117,122,36,0.31858407
99,114,35,0.30973451
114,117,35,0.30973451
117,122,35,0.30973451
113,117,30,0.26548673
117,105,30,0.26548673
105,110,30,0.26548673
110,110,30,0.26548673
100,119,25,0.22123894
119,105,25,0.22123894
105,103,25,0.22123894
103,104,33,0.2920354
104,116,25,0.22123894
116,121,53,0.46902655
100,114,17,0.15044248
114,101,18,0.15929204
101,119,17,0.15044248
104,117,8,0.07079646
117,103,8,0.07079646
103,104,32,0.28318584
102,108,31,0.27433628
108,111,31,0.27433628
111,121,31,0.27433628
121,100,31,0.27433628
106,97,29,0.25663717
97,99,29,0.25663717
99,107,36,0.31858407
100,114,16,0.14159292
114,101,17,0.15044248
101,119,16,0.14159292
100,119,24,0.21238938
119,105,24,0.21238938
105,103,24,0.21238938
103,104,31,0.27433628
104,116,24,0.21238938
100,119,23,0.20353982
119,105,23,0.20353982
105,103,23,0.20353982
103,104,30,0.26548673
104,116,23,0.20353982
106,111,6,0.053097345
111,115,6,0.053097345
115,101,6,0.053097345
101,112,6,0.053097345
112,104,23,0.20353982
100,119,22,0.19469027
119,105,22,0.19469027
105,103,22,0.19469027
103,104,29,0.25663717
104,116,22,0.19469027
100,114,15,0.13274336
114,101,16,0.14159292
101,119,15,0.13274336
116,121,52,0.46017699
114,97,14,0.12389381
97,108,14,0.12389381
108,112,14,0.12389381
112,104,22,0.19469027
116,121,51,0.45132743
109,97,47,0.4159292
97,120,47,0.4159292
98,114,7,0.061946903
114,111,7,0.061946903
111,99,7,0.061946903
99,107,35,0.30973451
100,119,21,0.18584071
119,105,21,0.18584071
105,103,21,0.18584071
103,104,28,0.24778761
104,116,21,0.18584071
116,121,50,0.44247788
98,111,38,0.33628319
100,114,14,0.12389381
114,101,15,0.13274336
101,119,14,0.12389381
100,119,20,0.17699115
119,105,20,0.17699115
105,103,20,0.17699115
103,104,27,0.23893805
104,116,20,0.17699115
116,121,47,0.4159292
98,114,6,0.053097345
114,111,6,0.053097345
111,99,6,0.053097345
99,107,34,0.30088496
100,101,11,0.097345133
101,118,36,0.31858407
118,121,11,0.097345133
121,110,11,0.097345133
109,97,46,0.40707965
97,120,46,0.40707965
98,111,36,0.31858407
106,97,28,0.24778761
97,99,28,0.24778761
99,107,33,0.2920354
100,114,13,0.11504425
114,101,14,0.12389381
101,119,13,0.11504425
99,114,34,0.30088496
114,117,34,0.30088496
117,122,34,0.30088496
109,97,45,0.39823009
97,120,45,0.39823009
114,97,13,0.11504425
97,108,13,0.11504425
108,112,13,0.11504425
112,104,21,0.18584071
114,97,12,0.10619469
97,108,12,0.10619469
108,112,12,0.10619469
112,104,20,0.17699115
102,108,30,0.26548673
108,111,30,0.26548673
111,121,30,0.26548673
121,100,30,0.26548673
98,111,35,0.30973451
109,97,44,0.38938053
97,120,44,0.38938053
109,97,43,0.38053097
97,120,43,0.38053097
98,111,34,0.30088496
116,97,3,0.026548673
97,114,3,0.026548673
114,105,3,0.026548673
105,113,3,0.026548673
116,97,2,0.017699115
97,114,2,0.017699115
114,105,2,0.017699115
105,113,2,0.017699115
98,114,5,0.044247788
114,111,5,0.044247788
111,99,5,0.044247788
99,107,32,0.28318584
106,97,27,0.23893805
97,99,27,0.23893805
99,107,31,0.27433628
109,97,42,0.37168142
97,120,42,0.37168142
100,119,19,0.16814159
119,105,19,0.16814159
105,103,19,0.16814159
103,104,26,0.2300885
104,116,19,0.16814159
116,121,46,0.40707965
98,111,33,0.2920354
113,117,29,0.25663717
117,105,29,0.25663717
105,110,29,0.25663717
110,110,29,0.25663717
98,114,4,0.03539823
114,111,4,0.03539823
111,99,4,0.03539823
99,107,30,0.26548673
98,114,3,0.026548673
114,111,3,0.026548673
111,99,3,0.026548673
99,107,29,0.25663717
106,97,26,0.2300885
97,99,26,0.2300885
99,107,28,0.24778761
98,111,32,0.28318584
100,119,18,0.15929204
119,105,18,0.15929204
105,103,18,0.15929204
103,104,25,0.22123894
104,116,18,0.15929204
104,117,7,0.061946903
117,103,7,0.061946903
103,104,24,0.21238938
106,97,25,0.22123894
97,99,25,0.22123894
99,107,27,0.23893805
113,117,28,0.24778761
117,105,28,0.24778761
105,110,28,0.24778761
110,110,28,0.24778761
102,108,29,0.25663717
108,111,29,0.25663717
111,121,29,0.25663717
121,100,29,0.25663717
109,97,41,0.36283186
97,120,41,0.36283186
116,121,45,0.39823009
99,114,33,0.2920354
114,117,33,0.2920354
117,122,33,0.2920354
116,121,44,0.38938053
102,108,28,0.24778761
108,111,28,0.24778761
111,121,28,0.24778761
121,100,28,0.24778761
106,97,24,0.21238938
97,99,24,0.21238938
99,107,26,0.2300885
109,97,40,0.3539823
97,120,40,0.3539823
99,114,32,0.28318584
114,117,32,0.28318584
117,122,32,0.28318584
101,108,9,0.079646018
108,118,9,0.079646018
118,105,9,0.079646018
105,115,9,0.079646018
114,97,11,0.097345133
97,108,11,0.097345133
108,112,11,0.097345133
112,104,19,0.16814159
98,111,31,0.27433628
100,119,17,0.15044248
119,105,17,0.15044248
105,103,17,0.15044248
103,104,23,0.20353982
104,116,17,0.15044248
109,97,39,0.34513274
97,120,39,0.34513274
98,111,30,0.26548673
99,114,31,0.27433628
114,117,31,0.27433628
117,122,31,0.27433628
102,108,27,0.23893805
108,111,27,0.23893805
111,121,27,0.23893805
121,100,27,0.23893805
113,117,27,0.23893805
117,105,27,0.23893805
105,110,27,0.23893805
110,110,27,0.23893805
102,108,26,0.2300885
108,111,26,0.2300885
111,121,26,0.2300885
121,100,26,0.2300885
116,121,43,0.38053097
100,119,16,0.14159292
119,105,16,0.14159292
105,103,16,0.14159292
103,104,22,0.19469027
104,116,16,0.14159292
116,121,42,0.37168142
109,97,38,0.33628319
97,120,38,0.33628319
98,111,28,0.24778761
100,114,12,0.10619469
114,101,13,0.11504425
101,119,12,0.10619469
116,121,41,0.36283186
100,119,15,0.13274336
119,105,15,0.13274336
105,103,15,0.13274336
103,104,21,0.18584071
104,116,15,0.13274336
113,117,26,0.2300885
117,105,26,0.2300885
105,110,26,0.2300885
110,110,26,0.2300885
113,117,25,0.22123894
117,105,25,0.22123894
105,110,25,0.22123894
110,110,25,0.22123894
113,117,24,0.21238938
117,105,24,0.21238938
105,110,24,0.21238938
110,110,24,0.21238938
106,97,23,0.20353982
97,99,23,0.20353982
99,107,25,0.22123894
102,108,25,0.22123894
108,111,25,0.22123894
111,121,25,0.22123894
121,100,25,0.22123894
109,97,37,0.32743363
97,120,37,0.32743363
116,121,39,0.34513274
109,97,36,0.31858407
97,120,36,0.31858407
116,121,38,0.33628319
106,97,22,0.19469027
97,99,22,0.19469027
99,107,24,0.21238938
116,121,37,0.32743363
102,108,24,0.21238938
108,111,24,0.21238938
111,121,24,0.21238938
121,100,24,0.21238938
99,114,30,0.26548673
114,117,30,0.26548673
117,122,30,0.26548673
116,121,36,0.31858407
115,116,25,0.22123894
116,101,25,0.22123894
101,118,35,0.30973451
118,101,25,0.22123894
109,97,35,0.30973451
97,120,35,0.30973451
100,114,11,0.097345133
114,101,12,0.10619469
101,119,11,0.097345133
115,116,24,0.21238938
116,101,24,0.21238938
101,118,34,0.30088496
118,101,24,0.21238938
113,117,23,0.20353982
117,105,23,0.20353982
105,110,23,0.20353982
110,110,23,0.20353982
102,108,23,0.20353982
108,111,23,0.20353982
111,121,23,0.20353982
121,100,23,0.20353982
116,121,35,0.30973451
113,117,22,0.19469027
117,105,22,0.19469027
105,110,22,0.19469027
110,110,22,0.19469027
106,111,5,0.044247788
111,115,5,0.044247788
115,101,5,0.044247788
101,112,5,0.044247788
112,104,18,0.15929204
99,114,29,0.25663717
114,117,29,0.25663717
117,122,29,0.25663717
109,97,34,0.30088496
97,120,34,0.30088496
114,97,10,0.088495575
97,108,10,0.088495575
108,112,10,0.088495575
112,104,17,0.15044248
109,97,33,0.2920354
97,120,33,0.2920354
109,97,32,0.28318584
97,120,32,0.28318584
112,104,16,0.14159292
104,105,3,0.026548673
105,108,3,0.026548673
108,105,4,0.03539823
105,112,3,0.026548673
115,116,23,0.20353982
116,101,23,0.20353982
101,118,33,0.2920354
118,101,23,0.20353982
99,114,28,0.24778761
114,117,28,0.24778761
117,122,28,0.24778761
100,114,10,0.088495575
114,101,11,0.097345133
101,119,10,0.088495575
99,114,27,0.23893805
114,117,27,0.23893805
117,122,27,0.23893805
106,97,21,0.18584071
97,99,21,0.18584071
99,107,23,0.20353982
109,97,31,0.27433628
97,120,31,0.27433628
104,117,6,0.053097345
117,103,6,0.053097345
103,104,20,0.17699115
112,104,15,0.13274336
104,105,2,0.017699115
105,108,2,0.017699115
108,105,3,0.026548673
105,112,2,0.017699115
100,101,10,0.088495575
101,118,32,0.28318584
118,121,10,0.088495575
121,110,10,0.088495575
99,114,26,0.2300885
114,117,26,0.2300885
117,122,26,0.2300885
109,97,30,0.26548673
97,120,30,0.26548673
115,116,22,0.19469027
116,101,22,0.19469027
101,118,31,0.27433628
118,101,22,0.19469027
115,116,21,0.18584071
116,101,21,0.18584071
101,118,30,0.26548673
118,101,21,0.18584071
102,108,22,0.19469027
108,111,22,0.19469027
111,121,22,0.19469027
121,100,22,0.19469027
115,116,20,0.17699115
116,101,20,0.17699115
101,118,29,0.25663717
118,101,20,0.17699115
106,97,20,0.17699115
97,99,20,0.17699115
99,107,22,0.19469027
115,116,19,0.16814159
116,101,19,0.16814159
101,118,28,0.24778761
118,101,19,0.16814159
109,97,29,0.25663717
97,120,29,0.25663717
98,111,27,0.23893805
109,97,28,0.24778761
97,120,28,0.24778761
99,114,25,0.22123894
114,117,25,0.22123894
117,122,25,0.22123894
99,114,24,0.21238938
114,117,24,0.21238938
117,122,24,0.21238938
98,111,26,0.2300885
102,108,21,0.18584071
108,111,21,0.18584071
111,121,21,0.18584071
121,100,21,0.18584071
98,111,25,0.22123894
113,117,21,0.18584071
117,105,21,0.18584071
105,110,21,0.18584071
110,110,21,0.18584071
100,119,14,0.12389381
119,105,14,0.12389381
105,103,14,0.12389381
103,104,19,0.16814159
104,116,14,0.12389381
106,97,19,0.16814159
97,99,19,0.16814159
99,107,21,0.18584071
98,111,24,0.21238938
109,97,27,0.23893805
97,120,27,0.23893805
109,97,26,0.2300885
97,120,26,0.2300885
99,114,23,0.20353982
114,117,23,0.20353982
117,122,23,0.20353982
109,97,25,0.22123894
97,120,25,0.22123894
99,114,22,0.19469027
114,117,22,0.19469027
117,122,22,0.19469027
106,97,18,0.15929204
97,99,18,0.15929204
99,107,20,0.17699115
104,117,5,0.044247788
117,103,5,0.044247788
103,104,18,0.15929204
98,114,2,0.017699115
114,111,2,0.017699115
111,99,2,0.017699115
99,107,19,0.16814159
100,101,9,0.079646018
101,118,27,0.23893805
118,121,9,0.079646018
121,110,9,0.079646018
100,101,8,0.07079646
101,118,26,0.2300885
118,121,8,0.07079646
121,110,8,0.07079646
100,119,13,0.11504425
119,105,13,0.11504425
105,103,13,0.11504425
103,104,17,0.15044248
104,116,13,0.11504425
98,111,23,0.20353982
116,121,34,0.30088496
109,97,24,0.21238938
97,120,24,0.21238938
116,121,33,0.2920354
98,111,20,0.17699115
109,97,23,0.20353982
97,120,23,0.20353982
102,108,20,0.17699115
108,111,20,0.17699115
111,121,20,0.17699115
121,100,20,0.17699115
109,97,22,0.19469027
97,120,22,0.19469027
113,117,20,0.17699115
117,105,20,0.17699115
105,110,20,0.17699115
110,110,20,0.17699115
116,121,32,0.28318584
100,119,12,0.10619469
119,105,12,0.10619469
105,103,12,0.10619469
103,104,16,0.14159292
104,116,12,0.10619469
116,121,31,0.27433628
113,117,19,0.16814159
117,105,19,0.16814159
105,110,19,0.16814159
110,110,19,0.16814159
109,97,21,0.18584071
97,120,21,0.18584071
116,121,30,0.26548673
115,116,18,0.15929204
116,101,18,0.15929204
101,118,25,0.22123894
118,101,18,0.15929204
99,114,21,0.18584071
114,117,21,0.18584071
117,122,21,0.18584071
106,97,17,0.15044248
97,99,17,0.15044248
99,107,18,0.15929204
101,108,8,0.07079646
108,118,8,0.07079646
118,105,8,0.07079646
105,115,8,0.07079646
116,121,29,0.25663717
100,119,11,0.097345133
119,105,11,0.097345133
105,103,11,0.097345133
103,104,15,0.13274336
104,116,11,0.097345133
106,97,16,0.14159292
97,99,16,0.14159292
99,107,17,0.15044248
116,121,28,0.24778761
113,117,18,0.15929204
117,105,18,0.15929204
105,110,18,0.15929204
110,110,18,0.15929204
114,97,9,0.079646018
97,108,9,0.079646018
108,112,9,0.079646018
112,104,14,0.12389381
116,121,27,0.23893805
98,111,19,0.16814159
109,97,20,0.17699115
97,120,20,0.17699115
113,117,17,0.15044248
117,105,17,0.15044248
105,110,17,0.15044248
110,110,17,0.15044248
115,116,17,0.15044248
116,101,17,0.15044248
101,118,24,0.21238938
118,101,17,0.15044248
101,108,7,0.061946903
108,118,7,0.061946903
118,105,7,0.061946903
105,115,7,0.061946903
101,108,6,0.053097345
108,118,6,0.053097345
118,105,6,0.053097345
105,115,6,0.053097345
115,116,16,0.14159292
116,101,16,0.14159292
101,118,23,0.20353982
118,101,16,0.14159292
106,97,15,0.13274336
97,99,15,0.13274336
99,107,16,0.14159292
115,116,15,0.13274336
116,101,15,0.13274336
101,118,22,0.19469027
118,101,15,0.13274336
100,114,9,0.079646018
114,101,10,0.088495575
101,119,9,0.079646018
100,101,7,0.061946903
101,118,21,0.18584071
118,121,7,0.061946903
121,110,7,0.061946903
113,117,16,0.14159292
117,105,16,0.14159292
105,110,16,0.14159292
110,110,16,0.14159292
116,121,26,0.2300885
99,114,20,0.17699115
114,117,20,0.17699115
117,122,20,0.17699115
102,108,19,0.16814159
108,111,19,0.16814159
111,121,19,0.16814159
121,100,19,0.16814159
116,121,25,0.22123894
102,108,18,0.15929204
108,111,18,0.15929204
111,121,18,0.15929204
121,100,18,0.15929204
100,119,10,0.088495575
119,105,10,0.088495575
105,103,10,0.088495575
103,104,14,0.12389381
104,116,10,0.088495575
100,101,6,0.053097345
101,118,20,0.17699115
118,121,6,0.053097345
121,110,6,0.053097345
116,121,23,0.20353982
109,97,19,0.16814159
97,120,19,0.16814159
106,111,4,0.03539823
111,115,4,0.03539823
115,101,4,0.03539823
101,112,4,0.03539823
112,104,13,0.11504425
109,97,18,0.15929204
97,120,18,0.15929204
106,97,14,0.12389381
97,99,14,0.12389381
99,107,15,0.13274336
100,114,8,0.07079646
114,101,9,0.079646018
101,119,8,0.07079646
102,108,17,0.15044248
108,111,17,0.15044248
111,121,17,0.15044248
121,100,17,0.15044248
99,114,19,0.16814159
114,117,19,0.16814159
117,122,19,0.16814159
113,117,15,0.13274336
117,105,15,0.13274336
105,110,15,0.13274336
110,110,15,0.13274336
106,97,13,0.11504425
97,99,13,0.11504425
99,107,14,0.12389381
106,97,12,0.10619469
97,99,12,0.10619469
99,107,13,0.11504425
109,97,17,0.15044248
97,120,17,0.15044248
113,117,14,0.12389381
117,105,14,0.12389381
105,110,14,0.12389381
110,110,14,0.12389381
99,114,18,0.15929204
114,117,18,0.15929204
117,122,18,0.15929204
99,114,17,0.15044248
114,117,17,0.15044248
117,122,17,0.15044248
115,116,14,0.12389381
116,101,14,0.12389381
101,118,19,0.16814159
118,101,14,0.12389381
100,101,5,0.044247788
101,118,18,0.15929204
118,121,5,0.044247788
121,110,5,0.044247788
98,111,17,0.15044248
114,97,8,0.07079646
97,108,8,0.07079646
108,112,8,0.07079646
112,104,12,0.10619469
113,117,13,0.11504425
117,105,13,0.11504425
105,110,13,0.11504425
110,110,13,0.11504425
98,111,16,0.14159292
99,114,16,0.14159292
114,117,16,0.14159292
117,122,16,0.14159292
102,108,16,0.14159292
108,111,16,0.14159292
111,121,16,0.14159292
121,100,16,0.14159292
102,108,15,0.13274336
108,111,15,0.13274336
111,121,15,0.13274336
121,100,15,0.13274336
100,119,9,0.079646018
119,105,9,0.079646018
105,103,9,0.079646018
103,104,13,0.11504425
104,116,9,0.079646018
113,117,12,0.10619469
117,105,12,0.10619469
105,110,12,0.10619469
110,110,12,0.10619469
98,111,15,0.13274336
102,108,14,0.12389381
108,111,14,0.12389381
111,121,14,0.12389381
121,100,14,0.12389381
115,116,13,0.11504425
116,101,13,0.11504425
101,118,17,0.15044248
118,101,13,0.11504425
102,108,13,0.11504425
108,111,13,0.11504425
111,121,13,0.11504425
121,100,13,0.11504425
100,114,7,0.061946903
114,101,8,0.07079646
101,119,7,0.061946903
113,117,11,0.097345133
117,105,11,0.097345133
105,110,11,0.097345133
110,110,11,0.097345133
100,101,4,0.03539823
101,118,16,0.14159292
118,121,4,0.03539823
121,110,4,0.03539823
98,111,14,0.12389381
104,117,4,0.03539823
117,103,4,0.03539823
103,104,12,0.10619469
106,97,11,0.097345133
97,99,11,0.097345133
99,107,12,0.10619469
106,97,10,0.088495575
97,99,10,0.088495575
99,107,11,0.097345133
100,101,3,0.026548673
101,118,15,0.13274336
118,121,3,0.026548673
121,110,3,0.026548673
103,114,1,0.0088495575
114,101,7,0.061946903
101,103,1,0.0088495575
98,111,13,0.11504425
104,117,3,0.026548673
117,103,3,0.026548673
103,104,11,0.097345133
115,116,12,0.10619469
116,101,12,0.10619469
101,118,14,0.12389381
118,101,12,0.10619469
102,108,12,0.10619469
108,111,12,0.10619469
111,121,12,0.10619469
121,100,12,0.10619469
112,104,11,0.097345133
104,105,1,0.0088495575
105,108,1,0.0088495575
108,105,2,0.017699115
105,112,1,0.0088495575
101,108,5,0.044247788
108,118,5,0.044247788
118,105,5,0.044247788
105,115,5,0.044247788
116,121,22,0.19469027
109,97,16,0.14159292
97,120,16,0.14159292
102,108,11,0.097345133
108,111,11,0.097345133
111,121,11,0.097345133
121,100,11,0.097345133
100,119,8,0.07079646
119,105,8,0.07079646
105,103,8,0.07079646
103,104,10,0.088495575
104,116,8,0.07079646
109,97,15,0.13274336
97,120,15,0.13274336
98,111,12,0.10619469
106,97,9,0.079646018
97,99,9,0.079646018
99,107,10,0.088495575
115,116,11,0.097345133
116,101,11,0.097345133
101,118,13,0.11504425
118,101,11,0.097345133
115,116,10,0.088495575
116,101,10,0.088495575
101,118,12,0.10619469
118,101,10,0.088495575
116,121,21,0.18584071
102,108,10,0.088495575
108,111,10,0.088495575
111,121,10,0.088495575
121,100,10,0.088495575
115,116,9,0.079646018
116,101,9,0.079646018
101,118,11,0.097345133
118,101,9,0.079646018
100,114,6,0.053097345
114,101,6,0.053097345
101,119,6,0.053097345
113,117,10,0.088495575
117,105,10,0.088495575
105,110,10,0.088495575
110,110,10,0.088495575
99,114,15,0.13274336
114,117,15,0.13274336
117,122,15,0.13274336
99,114,14,0.12389381
114,117,14,0.12389381
117,122,14,0.12389381
116,121,20,0.17699115
106,97,8,0.07079646
97,99,8,0.07079646
99,107,9,0.079646018
106,97,7,0.061946903
97,99,7,0.061946903
99,107,8,0.07079646
98,111,11,0.097345133
115,116,8,0.07079646
116,101,8,0.07079646
101,118,10,0.088495575
118,101,8,0.07079646
98,114,1,0.0088495575
114,111,1,0.0088495575
111,99,1,0.0088495575
99,107,7,0.061946903
114,97,7,0.061946903
97,108,7,0.061946903
108,112,7,0.061946903
112,104,10,0.088495575
109,97,14,0.12389381
97,120,14,0.12389381
115,116,7,0.061946903
116,101,7,0.061946903
101,118,9,0.079646018
118,101,7,0.061946903
99,114,13,0.11504425
114,117,13,0.11504425
117,122,13,0.11504425
100,114,5,0.044247788
114,101,5,0.044247788
101,119,5,0.044247788
98,111,10,0.088495575
99,114,12,0.10619469
114,117,12,0.10619469
117,122,12,0.10619469
98,111,9,0.079646018
102,108,9,0.079646018
108,111,9,0.079646018
111,121,9,0.079646018
121,100,9,0.079646018
98,111,8,0.07079646
116,121,19,0.16814159
109,97,13,0.11504425
97,120,13,0.11504425
113,117,9,0.079646018
117,105,9,0.079646018
105,110,9,0.079646018
110,110,9,0.079646018
100,119,7,0.061946903
119,105,7,0.061946903
105,103,7,0.061946903
103,104,9,0.079646018
104,116,7,0.061946903
102,108,8,0.07079646
108,111,8,0.07079646
111,121,8,0.07079646
121,100,8,0.07079646
113,117,8,0.07079646
117,105,8,0.07079646
105,110,8,0.07079646
110,110,8,0.07079646
116,121,18,0.15929204
102,108,7,0.061946903
108,111,7,0.061946903
111,121,7,0.061946903
121,100,7,0.061946903
98,111,7,0.061946903
106,97,6,0.053097345
97,99,6,0.053097345
99,107,6,0.053097345
116,121,17,0.15044248
99,114,11,0.097345133
114,117,11,0.097345133
117,122,11,0.097345133
109,97,12,0.10619469
97,120,12,0.10619469
113,117,7,0.061946903
117,105,7,0.061946903
105,110,7,0.061946903
110,110,7,0.061946903
114,97,6,0.053097345
97,108,6,0.053097345
108,112,6,0.053097345
112,104,9,0.079646018
100,119,6,0.053097345
119,105,6,0.053097345
105,103,6,0.053097345
103,104,8,0.07079646
104,116,6,0.053097345
116,121,16,0.14159292
113,117,6,0.053097345
117,105,6,0.053097345
105,110,6,0.053097345
110,110,6,0.053097345
102,108,6,0.053097345
108,111,6,0.053097345
111,121,6,0.053097345
121,100,6,0.053097345
114,97,5,0.044247788
97,108,5,0.044247788
108,112,5,0.044247788
112,104,8,0.07079646
109,97,11,0.097345133
97,120,11,0.097345133
116,121,14,0.12389381
115,116,6,0.053097345
116,101,6,0.053097345
101,118,8,0.07079646
118,101,6,0.053097345
98,111,6,0.053097345
116,121,13,0.11504425
98,111,5,0.044247788
115,116,5,0.044247788
116,101,5,0.044247788
101,118,7,0.061946903
118,101,5,0.044247788
106,97,5,0.044247788
97,99,5,0.044247788
99,107,5,0.044247788
99,114,10,0.088495575
114,117,10,0.088495575
117,122,10,0.088495575
100,114,4,0.03539823
114,101,4,0.03539823
101,119,4,0.03539823
101,108,4,0.03539823
108,118,4,0.03539823
118,105,4,0.03539823
105,115,4,0.03539823
98,111,4,0.03539823
109,97,10,0.088495575
97,120,10,0.088495575
99,114,9,0.079646018
114,117,9,0.079646018
117,122,9,0.079646018
99,114,8,0.07079646
114,117,8,0.07079646
117,122,8,0.07079646
98,111,3,0.026548673
102,108,5,0.044247788
108,111,5,0.044247788
111,121,5,0.044247788
121,100,5,0.044247788
99,108,1,0.0088495575
108,105,1,0.0088495575
105,102,1,0.0088495575
102,102,1,0.0088495575
102,111,1,0.0088495575
111,114,1,0.0088495575
114,100,1,0.0088495575
104,117,2,0.017699115
117,103,2,0.017699115
103,104,7,0.061946903
106,97,4,0.03539823
97,99,4,0.03539823
99,107,4,0.03539823
109,97,9,0.079646018
97,120,9,0.079646018
114,97,4,0.03539823
97,108,4,0.03539823
108,112,4,0.03539823
112,104,7,0.061946903
99,114,7,0.061946903
114,117,7,0.061946903
117,122,7,0.061946903
109,97,8,0.07079646
97,120,8,0.07079646
99,114,6,0.053097345
114,117,6,0.053097345
117,122,6,0.053097345
109,97,7,0.061946903
97,120,7,0.061946903
99,114,5,0.044247788
114,117,5,0.044247788
117,122,5,0.044247788
115,116,4,0.03539823
116,101,4,0.03539823
101,118,6,0.053097345
118,101,4,0.03539823
101,108,3,0.026548673
108,118,3,0.026548673
118,105,3,0.026548673
105,115,3,0.026548673
116,121,12,0.10619469
100,114,3,0.026548673
114,101,3,0.026548673
101,119,3,0.026548673
99,114,4,0.03539823
114,117,4,0.03539823
117,122,4,0.03539823
115,116,3,0.026548673
116,101,3,0.026548673
101,118,5,0.044247788
118,101,3,0.026548673
113,117,5,0.044247788
117,105,5,0.044247788
105,110,5,0.044247788
110,110,5,0.044247788
100,101,2,0.017699115
101,118,4,0.03539823
118,121,2,0.017699115
121,110,2,0.017699115
100,119,5,0.044247788
119,105,5,0.044247788
105,103,5,0.044247788
103,104,6,0.053097345
104,116,5,0.044247788
114,97,3,0.026548673
97,108,3,0.026548673
108,112,3,0.026548673
112,104,6,0.053097345
106,111,3,0.026548673
111,115,3,0.026548673
115,101,3,0.026548673
101,112,3,0.026548673
112,104,5,0.044247788
115,116,2,0.017699115
116,101,2,0.017699115
101,118,3,0.026548673
118,101,2,0.017699115
100,119,4,0.03539823
119,105,4,0.03539823
105,103,4,0.03539823
103,104,5,0.044247788
104,116,4,0.03539823
116,121,11,0.097345133
101,108,2,0.017699115
108,118,2,0.017699115
118,105,2,0.017699115
105,115,2,0.017699115
104,117,1,0.0088495575
117,103,1,0.0088495575
103,104,4,0.03539823
113,117,4,0.03539823
117,105,4,0.03539823
105,110,4,0.03539823
110,110,4,0.03539823
113,117,3,0.026548673
117,105,3,0.026548673
105,110,3,0.026548673
110,110,3,0.026548673
116,97,1,0.0088495575
97,114,1,0.0088495575
114,105,1,0.0088495575
105,113,1,0.0088495575
109,97,6,0.053097345
97,120,6,0.053097345
116,121,7,0.061946903
100,114,2,0.017699115
114,101,2,0.017699115
101,119,2,0.017699115
116,121,6,0.053097345
102,108,4,0.03539823
108,111,4,0.03539823
111,121,4,0.03539823
121,100,4,0.03539823
106,97,3,0.026548673
97,99,3,0.026548673
99,107,3,0.026548673
99,114,3,0.026548673
114,117,3,0.026548673
117,122,3,0.026548673
102,108,3,0.026548673
108,111,3,0.026548673
111,121,3,0.026548673
121,100,3,0.026548673
116,121,5,0.044247788
109,97,5,0.044247788
97,120,5,0.044247788
113,117,2,0.017699115
117,105,2,0.017699115
105,110,2,0.017699115
110,110,2,0.017699115
109,97,4,0.03539823
97,120,4,0.03539823
109,97,3,0.026548673
97,120,3,0.026548673
102,108,2,0.017699115
108,111,2,0.017699115
111,121,2,0.017699115
121,100,2,0.017699115
100,119,3,0.026548673
119,105,3,0.026548673
105,103,3,0.026548673
103,104,3,0.026548673
104,116,3,0.026548673
100,119,2,0.017699115
119,105,2,0.017699115
105,103,2,0.017699115
103,104,2,0.017699115
104,116,2,0.017699115
100,119,1,0.0088495575
119,105,1,0.0088495575
105,103,1,0.0088495575
103,104,1,0.0088495575
104,116,1,0.0088495575
109,97,2,0.017699115
97,120,2,0.017699115
113,117,1,0.0088495575
117,105,1,0.0088495575
105,110,1,0.0088495575
110,110,1,0.0088495575
102,108,1,0.0088495575
108,111,1,0.0088495575
111,121,1,0.0088495575
121,100,1,0.0088495575
106,97,2,0.017699115
97,99,2,0.017699115
99,107,2,0.017699115
116,121,3,0.026548673
106,97,1,0.0088495575
97,99,1,0.0088495575
99,107,1,0.0088495575
106,111,2,0.017699115
111,115,2,0.017699115
115,101,2,0.017699115
101,112,2,0.017699115
112,104,4,0.03539823
114,97,2,0.017699115
97,108,2,0.017699115
108,112,2,0.017699115
112,104,3,0.026548673
114,97,1,0.0088495575
97,108,1,0.0088495575
108,112,1,0.0088495575
112,104,2,0.017699115
106,111,1,0.0088495575
111,115,1,0.0088495575
115,101,1,0.0088495575
101,112,1,0.0088495575
112,104,1,0.0088495575
98,111,2,0.017699115
100,114,1,0.0088495575
114,101,1,0.0088495575
101,119,1,0.0088495575
100,101,1,0.0088495575
101,118,2,0.017699115
118,121,1,0.0088495575
121,110,1,0.0088495575
109,97,1,0.0088495575
97,120,1,0.0088495575
99,114,2,0.017699115
114,117,2,0.017699115
117,122,2,0.017699115
101,108,1,0.0088495575
108,118,1,0.0088495575
118,105,1,0.0088495575
105,115,1,0.0088495575
115,116,1,0.0088495575
116,101,1,0.0088495575
101,118,1,0.0088495575
118,101,1,0.0088495575
98,111,1,0.0088495575
116,121,2,0.017699115
99,114,1,0.0088495575
114,117,1,0.0088495575
117,122,1,0.0088495575
